20090103 0.00000
20090104 276.83721
20090105 0.00000
20090106 0.00000
20090107 0.00000
20090108 78.00815
20090109 0.00000
20090110 0.00000
20090111 899.18340
20090112 0.00000
20090113 0.00000
20090114 0.00000
20090115 0.00000
20090116 140.90172
20090117 0.00000
20090118 0.00000
20090119 0.00000
20090120 0.24427
20090121 0.00000
20090122 117.04364
20090123 21.02042
20090124 17.81375
20090125 74.66651
20090126 186.02060
20090127 1.75267
20090128 212.59970
20090129 44.00979
20090130 0.00000
20090131 136.31066
20090201 3.41753
20090202 0.00000
20090203 0.00000
20090204 0.00000
20090205 80.30904
20090206 1532.95923
20090207 9.22629
20090208 2.77828
20090209 0.00000
20090210 5.76904
20090211 34.83981
20090212 190.58733
20090213 1866.96406
20090214 48.81310
20090215 207.44961
20090216 107.88750
20090217 70.81896
20090218 80.55235
20090219 0.00000
20090220 28.33104
20090221 1127.15218
20090222 25.52484
20090223 45.64840
20090224 143.56679
20090225 554.31205
20090226 0.00000
20090227 694.60023
20090228 0.00000
20090301 0.00000
20090302 1274.25724
20090303 117.44994
20090304 741.85528
20090305 79.17999
20090306 45.38843
20090307 7.63420
20090308 0.00000
20090309 0.00000
20090310 0.00000
20090311 0.00000
20090312 6954.14452
20090313 21024.88971
20090314 43.19135
20090315 5.87183
20090316 18.86450
20090317 0.00000
20090318 0.00000
20090319 0.00000
20090320 236.52636
20090321 0.89054
20090322 54.59167
20090323 5.53545
20090324 0.00000
20090325 0.00000
20090326 0.00000
20090327 0.00000
20090328 130.27614
20090329 0.00000
20090330 1121.47640
20090331 0.00000
20090401 209.78631
20090402 357.60372
20090403 250.17391
20090404 503.98172
20090405 321.35421
20090406 317.97114
20090407 7.94317
20090408 0.00000
20090409 2.18979
20090410 3.35248
20090411 261.75413
20090412 1281.75506
20090413 9.04217
20090414 150.50726
20090415 873.63213
20090416 10.46095
20090417 210.70447
20090418 14.16311
20090419 3009.24766
20090420 13155.61851
20090421 0.00000
20090422 0.00000
20090423 23.62688
20090424 512.39460
20090425 2.47401
20090426 252.95490
20090427 0.00000
20090428 0.00000
20090429 1.84878
20090430 892.31407
20090501 0.00000
20090502 0.00000
20090503 0.00000
20090504 549.54678
20090505 0.00000
20090506 1613.81935
20090507 14.17787
20090508 795.50229
20090509 0.00000
20090510 8216.55526
20090511 1322.74110
20090512 0.00000
20090513 0.00000
20090514 0.68635
20090515 0.00000
20090516 4355.55328
20090517 1860.61177
20090518 124.49409
20090519 0.00000
20090520 0.00000
20090521 314.55438
20090522 1921.64953
20090523 217.02522
20090524 176.76173
20090525 1.91330
20090526 0.00000
20090527 190.93692
20090528 73.55803
20090529 25.89296
20090530 0.00000
20090531 2315.46659
20090601 573.95252
20090602 4197.68346
20090603 76.17606
20090604 11134.76368
20090605 155.44950
20090606 3213.91376
20090607 75.23602
20090608 0.00000
20090609 0.00000
20090610 0.00000
20090611 11.36251
20090612 716.26307
20090613 2360.23149
20090614 8590.05851
20090615 17.63054
20090616 153.59974
20090617 1149.84834
20090618 0.00000
20090619 0.00000
20090620 348.91207
20090621 295.65904
20090622 13.55090
20090623 0.00000
20090624 40.59575
20090625 29.89719
20090626 3672.19072
20090627 1207.49715
20090628 0.00000
20090629 0.00000
20090630 169.36494
20090701 0.00000
20090702 99.07843
20090703 0.00000
20090704 18.51369
20090705 0.00000
20090706 33.72052
20090707 26.88999
20090708 0.00000
20090709 41.90146
20090710 0.00000
20090711 0.00000
20090712 0.00000
20090713 17.07737
20090714 497.91492
20090715 175.04875
20090716 189.10564
20090717 0.00000
20090718 2394.82675
20090719 964.10726
20090720 772.29836
20090721 9651.31778
20090722 469.80701
20090723 192.28512
20090724 0.71717
20090725 0.00000
20090726 0.56718
20090727 3262.60165
20090728 5690.08567
20090729 817.98296
20090730 199.58945
20090731 2563.58884
20090801 105.48950
20090802 0.00000
20090803 17.30255
20090804 93.60305
20090805 3887.44166
20090806 0.00000
20090807 0.00000
20090808 0.00000
20090809 48.54107
20090810 0.00000
20090811 1846.62227
20090812 13194.41927
20090813 762.53763
20090814 198.06091
20090815 957.68948
20090816 133.99808
20090817 138.74628
20090818 52.86282
20090819 0.00000
20090820 0.00000
20090821 4455.35052
20090822 0.00000
20090823 809.52673
20090824 34.77469
20090825 112.30192
20090826 0.00000
20090827 0.00000
20090828 258.19319
20090829 0.00000
20090830 502.36197
20090831 1.46971
20090901 0.00000
20090902 2054.96252
20090903 705.63774
20090904 0.00000
20090905 426.95055
20090906 10.56956
20090907 1084.09429
20090908 1041.54229
20090909 214.43886
20090910 0.00000
20090911 0.00000
20090912 12.11640
20090913 0.00000
20090914 407.11444
20090915 0.00000
20090916 0.00000
20090917 20.53218
20090918 50.05452
20090919 5.32125
20090920 0.00000
20090921 1.51190
20090922 0.00000
20090923 0.00000
20090924 0.00000
20090925 0.00000
20090926 892.48413
20090927 47.49037
20090928 0.00000
20090929 543.22031
20090930 2062.55216
20091001 47.93445
20091002 0.00000
20091003 746.70668
20091004 0.00000
20091005 0.00000
20091006 0.00000
20091007 0.00000
20091008 423.31344
20091009 0.00000
20091010 0.00000
20091011 0.00000
20091012 0.00000
20091013 322.56200
20091014 12038.11487
20091015 6282.03501
20091016 0.00000
20091017 0.00000
20091018 0.00000
20091019 0.00000
20091020 54.10453
20091021 0.00000
20091022 0.00000
20091023 0.00000
20091024 50.22961
20091025 0.00000
20091026 314.12319
20091027 8739.43180
20091028 534.43244
20091029 0.00000
20091030 114.99551
20091031 0.00000
20091101 0.00000
20091102 119.22894
20091103 0.00000
20091104 123.26170
20091105 17.63058
20091106 0.00000
20091107 0.00000
20091108 641.68126
20091109 112.90939
20091110 772.85406
20091111 0.00000
20091112 0.00000
20091113 32.37698
20091114 5067.12842
20091115 0.00000
20091116 0.00000
20091117 0.00000
20091118 198.91039
20091119 0.00000
20091120 0.00000
20091121 462.90439
20091122 1559.81976
20091123 3.72222
20091124 64.09625
20091125 0.00000
20091126 0.00000
20091127 149.82756
20091128 48.11969
20091129 0.00000
20091130 416.60305
20091201 6.84393
20091202 0.00000
20091203 0.00000
20091204 0.00000
20091205 78.20479
20091206 26.11461
20091207 458.94062
20091208 0.00000
20091209 712.02889
20091210 1343.92354
20091211 87.01323
20091212 0.00000
20091213 37.20004
20091214 0.00000
20091215 83.72360
20091216 0.00000
20091217 0.00000
20091218 5479.52863
20091219 99.29785
20091220 0.00000
20091221 0.00000
20091222 46.98976
20091223 0.00000
20091224 88.40534
20091225 0.00000
20091226 120.45678
20091227 43.08047
20091228 2664.48803
20091229 13.86812
