2009010303 0.31206
2009010309 0.38406
2009010315 0.61877
2009010321 0.40041
2009010403 3.40135
2009010409 0.29581
2009010415 0.18728
2009010421 0.19761
2009010503 0.18795
2009010509 0.15854
2009010515 0.18618
2009010521 0.17706
2009010603 0.19148
2009010609 0.17628
2009010615 0.26752
2009010621 0.29471
2009010703 0.21863
2009010709 0.21618
2009010715 0.23956
2009010721 0.27629
2009010803 0.25376
2009010809 0.26880
2009010815 1.04599
2009010821 0.37825
2009010903 0.25062
2009010909 0.21876
2009010915 0.26845
2009010921 0.28465
2009011003 0.36451
2009011009 0.34487
2009011015 0.28947
2009011021 0.23010
2009011103 0.28538
2009011109 0.31067
2009011115 1.08443
2009011121 1.14062
2009011203 0.45657
2009011209 0.29826
2009011215 0.33169
2009011221 0.44743
2009011303 0.33220
2009011309 0.42838
2009011315 0.28734
2009011321 0.24062
2009011403 0.27071
2009011409 0.29477
2009011415 0.35363
2009011421 0.43971
2009011503 0.39590
2009011509 0.43170
2009011515 0.32432
2009011521 2.02612
2009011603 0.86481
2009011609 0.92310
2009011615 0.69977
2009011621 0.46128
2009011703 0.51841
2009011709 0.82347
2009011715 0.71395
2009011721 0.26940
2009011803 0.22970
2009011809 0.33125
2009011815 0.47716
2009011821 0.53518
2009011903 0.45394
2009011909 0.53446
2009011915 0.49117
2009011921 0.23925
2009012003 0.25703
2009012009 0.34032
2009012015 0.63921
2009012021 0.68853
2009012103 0.48875
2009012109 0.31921
2009012115 0.35982
2009012121 0.37622
2009012203 0.53820
2009012209 0.57889
2009012215 0.59917
2009012221 1.03460
2009012303 1.12484
2009012309 0.78348
2009012315 0.47035
2009012321 0.67885
2009012403 0.55693
2009012409 0.58183
2009012415 0.64403
2009012421 0.54121
2009012503 0.54467
2009012509 1.20858
2009012515 0.94244
2009012521 1.02169
2009012603 1.12451
2009012609 0.95820
2009012615 0.68159
2009012621 0.37930
2009012703 0.41490
2009012709 0.42763
2009012715 0.32285
2009012721 0.33300
2009012803 0.75946
2009012809 1.16235
2009012815 0.34684
2009012821 0.30523
2009012903 0.35294
2009012909 0.36381
2009012915 0.35346
2009012921 0.49369
2009013003 0.31396
2009013009 0.25431
2009013015 0.31594
2009013021 0.33467
2009013103 0.53780
2009013109 1.06917
2009013115 0.28531
2009013121 0.29938
2009020103 0.24876
2009020109 0.39072
2009020115 0.53228
2009020121 0.58368
2009020203 0.21425
2009020209 0.30754
2009020215 0.30831
2009020221 0.23251
2009020303 0.22022
2009020309 0.43018
2009020315 0.46475
2009020321 0.24170
2009020403 0.23668
2009020409 0.20747
2009020415 0.27334
2009020421 0.39550
2009020503 0.32515
2009020509 0.51827
2009020515 0.24348
2009020521 0.50712
2009020603 1.26746
2009020609 1.29020
2009020615 0.46067
2009020621 1.07150
2009020703 0.39002
2009020709 0.37535
2009020715 0.23252
2009020721 0.22470
2009020803 0.55387
2009020809 0.22133
2009020815 0.21748
2009020821 0.19046
2009020903 0.18618
2009020909 0.39151
2009020915 0.27123
2009020921 0.18222
2009021003 0.21649
2009021009 0.24917
2009021015 0.35743
2009021021 0.58270
2009021103 0.40190
2009021109 0.57332
2009021115 0.55531
2009021121 2.88130
2009021203 0.90424
2009021209 0.99287
2009021215 0.91482
2009021221 0.84408
2009021303 2.21701
2009021309 2.11732
2009021315 0.60885
2009021321 0.29202
2009021403 0.73468
2009021409 0.51691
2009021415 0.41171
2009021421 0.32018
2009021503 0.99427
2009021509 0.47629
2009021515 0.56574
2009021521 0.60517
2009021603 0.62968
2009021609 1.03932
2009021615 1.15700
2009021621 0.43914
2009021703 0.40033
2009021709 0.72702
2009021715 0.68528
2009021721 0.75249
2009021803 0.45705
2009021809 0.58028
2009021815 0.89820
2009021821 0.64150
2009021903 0.60302
2009021909 0.42812
2009021915 0.38467
2009021921 0.30695
2009022003 0.58656
2009022009 0.36305
2009022015 0.65299
2009022021 0.67842
2009022103 3.83745
2009022109 1.09198
2009022115 0.74083
2009022121 0.55396
2009022203 0.54355
2009022209 0.73746
2009022215 0.80185
2009022221 0.40715
2009022303 0.50243
2009022309 0.68628
2009022315 0.47701
2009022321 0.39938
2009022403 0.82791
2009022409 0.39303
2009022415 0.68479
2009022421 2.07424
2009022503 2.48583
2009022509 0.36319
2009022515 0.46531
2009022521 0.63640
2009022603 0.28745
2009022609 0.29299
2009022615 0.69170
2009022621 0.42441
2009022703 0.78170
2009022709 1.86960
2009022715 1.00948
2009022721 0.51904
2009022803 0.42770
2009022809 0.45402
2009022815 0.46461
2009022821 0.35238
2009030103 0.41913
2009030109 0.28329
2009030115 0.30650
2009030121 0.39268
2009030203 0.49967
2009030209 4.12001
2009030215 0.76291
2009030221 0.35489
2009030303 0.79307
2009030309 0.58975
2009030315 0.60524
2009030321 0.36990
2009030403 1.17015
2009030409 0.59625
2009030415 0.48458
2009030421 0.36967
2009030503 0.27909
2009030509 0.32026
2009030515 0.44859
2009030521 0.58051
2009030603 0.72589
2009030609 0.33237
2009030615 1.34960
2009030621 0.64715
2009030703 0.26527
2009030709 0.44669
2009030715 0.70836
2009030721 0.43116
2009030803 0.32636
2009030809 0.40796
2009030815 0.38554
2009030821 0.30545
2009030903 0.22751
2009030909 0.25461
2009030915 0.44677
2009030921 0.40493
2009031003 0.37015
2009031009 0.42666
2009031015 0.46840
2009031021 0.41342
2009031103 0.47508
2009031109 0.66075
2009031115 0.65175
2009031121 0.52076
2009031203 0.46020
2009031209 1.06926
2009031215 8.35492
2009031221 1.07107
2009031303 0.96286
2009031309 7.19263
2009031315 8.55834
2009031321 1.59874
2009031403 0.40199
2009031409 0.23435
2009031415 0.29919
2009031421 0.42326
2009031503 0.49493
2009031509 0.83706
2009031515 0.31901
2009031521 0.37799
2009031603 0.72152
2009031609 0.28325
2009031615 0.60720
2009031621 0.35306
2009031703 0.35423
2009031709 0.43537
2009031715 0.37795
2009031721 0.24960
2009031803 0.25103
2009031809 0.24991
2009031815 0.22707
2009031821 0.21396
2009031903 0.19834
2009031909 0.28397
2009031915 0.37721
2009031921 1.25526
2009032003 1.47156
2009032009 0.37929
2009032015 1.02212
2009032021 0.73779
2009032103 0.99119
2009032109 0.28633
2009032115 0.30771
2009032121 0.49297
2009032203 0.79001
2009032209 0.29115
2009032215 0.85103
2009032221 0.43136
2009032303 0.43510
2009032309 0.29228
2009032315 0.27579
2009032321 0.24315
2009032403 0.17562
2009032409 0.21404
2009032415 0.20509
2009032421 0.24853
2009032503 0.19597
2009032509 0.21895
2009032515 0.17446
2009032521 0.20205
2009032603 0.42268
2009032609 0.21502
2009032615 0.26369
2009032621 0.24009
2009032703 0.20528
2009032709 0.25569
2009032715 0.29175
2009032721 0.42308
2009032803 0.57132
2009032809 0.36413
2009032815 0.53870
2009032821 0.40852
2009032903 0.24044
2009032909 0.18571
2009032915 0.30435
2009032921 0.40103
2009033003 0.46207
2009033009 1.15530
2009033015 0.59051
2009033021 0.29949
2009033103 0.62809
2009033109 0.45163
2009033115 0.46734
2009033121 0.40480
2009040103 0.23973
2009040109 0.61620
2009040115 0.67407
2009040121 0.64049
2009040203 0.97700
2009040209 0.54605
2009040215 1.34760
2009040221 0.78370
2009040303 0.73029
2009040309 0.87318
2009040315 0.67468
2009040321 0.83349
2009040403 0.31190
2009040409 0.33540
2009040415 0.49489
2009040421 0.69050
2009040503 0.36142
2009040509 0.28253
2009040515 0.60386
2009040521 1.82797
2009040603 0.60662
2009040609 0.43001
2009040615 0.39768
2009040621 0.26636
2009040703 0.17104
2009040709 0.88139
2009040715 0.37863
2009040721 0.14993
2009040803 0.19085
2009040809 0.27812
2009040815 0.38868
2009040821 0.42437
2009040903 0.41066
2009040909 0.57731
2009040915 0.44882
2009040921 0.23473
2009041003 0.18403
2009041009 0.45841
2009041015 0.45909
2009041021 0.26922
2009041103 0.34504
2009041109 1.29012
2009041115 0.28020
2009041121 0.24843
2009041203 0.56770
2009041209 1.34527
2009041215 1.12467
2009041221 1.35933
2009041303 0.33209
2009041309 0.47350
2009041315 0.36890
2009041321 0.33479
2009041403 0.95471
2009041409 0.81589
2009041415 0.85502
2009041421 0.18826
2009041503 0.27405
2009041509 1.28513
2009041515 0.61074
2009041521 0.26145
2009041603 1.20055
2009041609 0.21730
2009041615 0.32027
2009041621 0.46996
2009041703 0.25281
2009041709 2.76397
2009041715 0.68461
2009041721 0.35239
2009041803 0.57250
2009041809 0.37032
2009041815 0.29760
2009041821 0.28053
2009041903 0.64949
2009041909 0.36641
2009041915 0.34240
2009041921 6.31869
2009042003 4.61433
2009042009 1.13947
2009042015 0.55990
2009042021 0.53140
2009042103 0.60185
2009042109 0.34859
2009042115 0.33309
2009042121 0.28023
2009042203 0.22202
2009042209 0.23586
2009042215 0.33097
2009042221 0.27528
2009042303 0.24162
2009042309 0.33734
2009042315 0.26494
2009042321 0.45479
2009042403 0.99961
2009042409 0.57322
2009042415 0.38792
2009042421 0.36448
2009042503 0.73404
2009042509 0.36469
2009042515 0.37707
2009042521 0.22107
2009042603 0.47697
2009042609 0.42358
2009042615 0.64028
2009042621 0.41389
2009042703 0.26380
2009042709 0.20640
2009042715 0.31988
2009042721 0.20945
2009042803 0.32295
2009042809 0.39277
2009042815 0.23724
2009042821 0.17756
2009042903 0.18973
2009042909 0.69951
2009042915 0.27433
2009042921 0.26675
2009043003 1.60884
2009043009 1.89841
2009043015 0.39491
2009043021 0.41206
2009050103 0.21147
2009050109 0.22718
2009050115 0.20272
2009050121 0.23382
2009050203 0.39351
2009050209 0.19101
2009050215 0.37897
2009050221 0.18135
2009050303 0.11101
2009050309 0.36216
2009050315 0.30770
2009050321 0.34902
2009050403 0.20543
2009050409 0.51933
2009050415 0.79250
2009050421 0.25130
2009050503 0.16172
2009050509 0.16297
2009050515 0.22903
2009050521 0.16583
2009050603 0.68897
2009050609 0.85920
2009050615 0.77011
2009050621 0.28831
2009050703 0.38348
2009050709 0.18086
2009050715 0.41877
2009050721 0.40116
2009050803 0.54925
2009050809 0.36059
2009050815 0.47714
2009050821 0.34828
2009050903 0.39934
2009050909 0.32888
2009050915 0.21662
2009050921 0.24671
2009051003 0.67199
2009051009 4.56521
2009051015 3.08104
2009051021 0.97285
2009051103 0.64289
2009051109 0.58232
2009051115 0.70758
2009051121 0.29467
2009051203 0.36432
2009051209 0.37607
2009051215 0.20693
2009051221 0.17170
2009051303 0.20473
2009051309 0.20784
2009051315 0.19316
2009051321 0.20452
2009051403 0.20307
2009051409 0.44812
2009051415 0.33437
2009051421 0.22336
2009051503 0.22873
2009051509 0.28192
2009051515 0.35314
2009051521 0.52575
2009051603 0.49815
2009051609 0.32792
2009051615 1.35011
2009051621 3.86135
2009051703 1.89528
2009051709 0.59520
2009051715 0.79024
2009051721 0.33056
2009051803 0.19241
2009051809 0.28987
2009051815 1.03517
2009051821 0.30662
2009051903 0.22334
2009051909 0.37359
2009051915 0.25780
2009051921 0.20660
2009052003 0.26463
2009052009 0.21355
2009052015 0.27777
2009052021 0.25016
2009052103 0.17455
2009052109 1.38039
2009052115 0.67503
2009052121 0.25122
2009052203 0.19245
2009052209 0.37271
2009052215 1.31750
2009052221 0.77864
2009052303 0.28514
2009052309 0.22287
2009052315 0.27110
2009052321 0.17950
2009052403 1.32803
2009052409 0.44637
2009052415 1.10055
2009052421 0.17301
2009052503 0.26544
2009052509 0.27492
2009052515 0.20941
2009052521 0.17225
2009052603 0.19408
2009052609 0.28288
2009052615 0.18640
2009052621 0.22901
2009052703 0.39413
2009052709 0.68930
2009052715 0.31921
2009052721 0.26110
2009052803 0.17233
2009052809 0.27615
2009052815 1.95873
2009052821 0.36441
2009052903 0.60920
2009052909 0.34105
2009052915 0.24934
2009052921 0.18451
2009053003 0.29107
2009053009 0.22246
2009053015 0.29253
2009053021 0.22506
2009053103 0.19814
2009053109 0.56920
2009053115 1.09141
2009053121 0.96242
2009060103 0.34414
2009060109 0.42513
2009060115 0.46273
2009060121 0.69981
2009060203 0.51393
2009060209 0.52654
2009060215 4.95974
2009060221 1.44797
2009060303 0.50369
2009060309 0.69298
2009060315 0.40493
2009060321 0.45190
2009060403 0.42963
2009060409 6.12208
2009060415 6.96418
2009060421 2.42156
2009060503 1.11801
2009060509 0.41194
2009060515 0.34020
2009060521 0.35089
2009060603 0.26218
2009060609 0.83132
2009060615 3.09282
2009060621 0.82946
2009060703 0.97862
2009060709 0.39748
2009060715 0.50132
2009060721 0.43904
2009060803 0.24496
2009060809 0.32385
2009060815 0.39376
2009060821 0.26677
2009060903 0.16464
2009060909 0.18036
2009060915 0.93359
2009060921 0.22111
2009061003 0.15494
2009061009 0.18998
2009061015 0.30052
2009061021 0.56663
2009061103 0.61248
2009061109 0.48593
2009061115 0.40904
2009061121 0.49210
2009061203 1.76275
2009061209 0.24164
2009061215 0.18378
2009061221 0.19115
2009061303 3.63515
2009061309 2.53165
2009061315 0.30940
2009061321 0.52821
2009061403 1.14570
2009061409 0.55323
2009061415 10.80916
2009061421 3.62318
2009061503 0.38944
2009061509 0.60232
2009061515 0.40634
2009061521 0.20536
2009061603 0.41195
2009061609 0.59293
2009061615 0.23130
2009061621 1.65717
2009061703 3.94074
2009061709 0.26476
2009061715 0.28646
2009061721 0.27158
2009061803 0.29508
2009061809 0.21914
2009061815 0.24090
2009061821 0.40811
2009061903 0.33676
2009061909 0.19185
2009061915 0.23653
2009061921 0.16268
2009062003 0.55651
2009062009 0.60020
2009062015 0.22874
2009062021 0.49240
2009062103 0.94697
2009062109 0.33448
2009062115 0.34936
2009062121 0.28074
2009062203 0.27841
2009062209 0.23714
2009062215 0.38706
2009062221 0.19004
2009062303 0.17770
2009062309 0.29585
2009062315 0.44963
2009062321 0.21241
2009062403 0.40230
2009062409 0.34368
2009062415 0.22328
2009062421 0.30105
2009062503 0.28140
2009062509 0.35571
2009062515 0.22217
2009062521 0.28613
2009062603 3.19111
2009062609 2.92877
2009062615 0.39665
2009062621 0.90832
2009062703 1.02183
2009062709 0.28354
2009062715 0.19166
2009062721 0.22485
2009062803 0.35342
2009062809 0.15535
2009062815 0.31362
2009062821 0.20650
2009062903 0.13960
2009062909 0.16656
2009062915 0.18577
2009062921 2.07599
2009063003 0.72790
2009063009 0.64680
2009063015 0.21490
2009063021 0.17301
2009070103 0.14794
2009070109 0.22927
2009070115 0.32069
2009070121 0.25006
2009070203 0.73692
2009070209 0.71143
2009070215 0.44261
2009070221 0.24042
2009070303 0.47243
2009070309 0.19174
2009070315 0.17695
2009070321 0.15849
2009070403 0.12150
2009070409 0.13030
2009070415 0.19172
2009070421 0.38724
2009070503 0.24221
2009070509 0.12943
2009070515 0.13390
2009070521 0.12783
2009070603 0.14107
2009070609 0.39616
2009070615 0.32289
2009070621 0.19703
2009070703 0.22176
2009070709 0.12945
2009070715 0.22568
2009070721 0.49316
2009070803 0.22257
2009070809 0.12351
2009070815 0.15980
2009070821 0.18413
2009070903 0.21847
2009070909 0.13280
2009070915 0.80510
2009070921 0.20787
2009071003 0.15268
2009071009 0.25048
2009071015 0.34927
2009071021 0.19271
2009071103 0.14045
2009071109 0.12858
2009071115 0.18470
2009071121 0.21360
2009071203 0.14916
2009071209 0.19294
2009071215 0.19105
2009071221 0.23899
2009071303 0.24098
2009071309 0.27948
2009071315 0.48152
2009071321 0.94565
2009071403 1.28946
2009071409 0.40472
2009071415 0.28587
2009071421 0.25856
2009071503 0.40000
2009071509 0.29029
2009071515 3.21703
2009071521 0.20903
2009071603 1.11818
2009071609 0.46904
2009071615 0.53243
2009071621 0.30629
2009071703 0.30850
2009071709 0.23335
2009071715 0.25604
2009071721 0.20098
2009071803 0.37057
2009071809 1.75858
2009071815 1.70337
2009071821 0.38228
2009071903 0.22667
2009071909 0.56337
2009071915 0.64835
2009071921 0.49275
2009072003 0.42812
2009072009 0.34080
2009072015 0.69404
2009072021 10.62491
2009072103 3.81793
2009072109 0.58480
2009072115 0.46070
2009072121 0.77870
2009072203 0.51305
2009072209 2.56752
2009072215 0.34140
2009072221 0.43860
2009072303 0.34082
2009072309 0.38739
2009072315 0.33371
2009072321 0.23468
2009072403 0.13819
2009072409 0.35881
2009072415 0.45940
2009072421 0.24053
2009072503 0.12628
2009072509 0.11443
2009072515 0.11928
2009072521 0.12936
2009072603 0.17062
2009072609 0.16315
2009072615 0.81456
2009072621 0.94730
2009072703 2.42749
2009072709 0.37618
2009072715 0.71745
2009072721 3.67966
2009072803 1.41009
2009072809 0.48065
2009072815 0.40406
2009072821 0.70687
2009072903 0.19950
2009072909 0.17797
2009072915 0.40456
2009072921 2.35237
2009073003 0.31792
2009073009 0.18073
2009073015 0.23303
2009073021 0.16621
2009073103 0.17301
2009073109 1.00113
2009073115 5.78265
2009073121 0.63492
2009080103 0.50450
2009080109 0.14169
2009080115 0.15385
2009080121 0.14413
2009080203 0.14920
2009080209 0.27856
2009080215 0.27968
2009080221 0.44694
2009080303 0.54654
2009080309 0.21204
2009080315 0.16024
2009080321 2.15299
2009080403 2.32088
2009080409 0.18355
2009080415 0.18369
2009080421 0.20755
2009080503 0.52120
2009080509 3.62977
2009080515 0.89772
2009080521 0.25597
2009080603 0.26039
2009080609 0.23265
2009080615 0.20160
2009080621 0.22213
2009080703 0.22132
2009080709 0.24114
2009080715 0.46617
2009080721 0.17620
2009080803 0.11495
2009080809 0.12717
2009080815 0.18802
2009080821 0.19270
2009080903 0.17762
2009080909 0.24952
2009080915 1.53971
2009080921 0.18464
2009081003 0.15025
2009081009 0.19278
2009081015 0.23283
2009081021 0.48874
2009081103 17.11994
2009081109 0.29355
2009081115 0.19654
2009081121 0.22057
2009081203 0.86439
2009081209 0.85987
2009081215 5.60195
2009081221 2.15162
2009081303 0.76363
2009081309 1.27861
2009081315 0.65854
2009081321 0.42879
2009081403 0.64431
2009081409 0.25772
2009081415 0.25444
2009081421 0.23594
2009081503 3.11567
2009081509 0.66170
2009081515 0.52148
2009081521 0.23639
2009081603 0.18002
2009081609 0.33147
2009081615 2.50000
2009081621 0.14418
2009081703 0.94467
2009081709 0.38903
2009081715 1.62462
2009081721 0.29086
2009081803 0.26031
2009081809 0.17361
2009081815 0.16036
2009081821 0.19855
2009081903 0.19227
2009081909 0.14685
2009081915 0.20550
2009081921 0.13600
2009082003 0.12633
2009082009 0.15852
2009082015 0.22817
2009082021 0.24045
2009082103 0.48835
2009082109 5.32805
2009082115 1.36792
2009082121 0.22804
2009082203 0.12924
2009082209 0.26245
2009082215 0.18097
2009082221 0.17693
2009082303 1.11102
2009082309 1.92439
2009082315 2.83488
2009082321 0.25445
2009082403 0.40861
2009082409 0.24746
2009082415 0.18436
2009082421 0.16540
2009082503 0.26956
2009082509 0.56905
2009082515 0.58623
2009082521 0.22310
2009082603 0.18988
2009082609 0.13874
2009082615 0.14271
2009082621 0.12807
2009082703 0.14713
2009082709 0.20489
2009082715 0.26636
2009082721 0.16994
2009082803 0.24023
2009082809 2.03169
2009082815 0.55339
2009082821 0.76985
2009082903 0.14996
2009082909 0.23551
2009082915 0.72553
2009082921 0.34628
2009083003 0.85436
2009083009 0.53598
2009083015 0.16445
2009083021 0.31808
2009083103 0.18295
2009083109 0.12834
2009083115 0.27594
2009083121 0.14894
2009090103 0.23431
2009090109 0.19979
2009090115 0.22561
2009090121 0.27463
2009090203 0.92828
2009090209 1.26785
2009090215 2.52129
2009090221 0.83652
2009090303 0.20714
2009090309 2.65202
2009090315 2.97249
2009090321 0.39586
2009090403 0.22851
2009090409 0.14363
2009090415 0.17641
2009090421 0.13723
2009090503 0.25022
2009090509 0.73481
2009090515 1.43652
2009090521 0.16691
2009090603 0.14778
2009090609 0.27704
2009090615 0.48905
2009090621 0.18649
2009090703 0.15968
2009090709 0.16194
2009090715 0.62254
2009090721 3.20441
2009090803 0.58314
2009090809 0.25643
2009090815 0.28965
2009090821 0.18738
2009090903 0.25844
2009090909 0.33208
2009090915 0.22509
2009090921 0.18654
2009091003 0.17465
2009091009 0.17184
2009091015 0.19526
2009091021 0.14548
2009091103 0.11301
2009091109 0.16554
2009091115 0.17873
2009091121 0.14444
2009091203 0.15465
2009091209 0.21864
2009091215 0.27542
2009091221 0.39265
2009091303 0.25114
2009091309 0.15658
2009091315 0.20121
2009091321 0.20862
2009091403 0.18586
2009091409 0.33287
2009091415 3.57660
2009091421 0.28482
2009091503 0.24806
2009091509 0.16219
2009091515 0.18982
2009091521 0.42233
2009091603 0.25340
2009091609 0.12294
2009091615 0.16505
2009091621 0.15333
2009091703 0.13488
2009091709 0.20998
2009091715 0.54078
2009091721 0.32403
2009091803 0.15381
2009091809 0.27661
2009091815 0.32975
2009091821 0.35118
2009091903 0.12956
2009091909 0.16011
2009091915 0.54201
2009091921 0.17516
2009092003 0.20636
2009092009 0.18804
2009092015 0.22536
2009092021 0.46370
2009092103 0.45224
2009092109 0.44512
2009092115 0.72793
2009092121 0.16078
2009092203 0.20402
2009092209 0.16099
2009092215 0.26784
2009092221 0.13274
2009092303 0.12261
2009092309 0.12052
2009092315 0.19023
2009092321 0.19479
2009092403 0.13725
2009092409 0.16230
2009092415 0.18938
2009092421 0.20285
2009092503 0.15803
2009092509 0.14428
2009092515 0.18232
2009092521 0.22224
2009092603 1.74826
2009092609 0.77098
2009092615 1.10471
2009092621 0.23266
2009092703 0.38021
2009092709 0.35183
2009092715 0.17748
2009092721 0.14501
2009092803 0.15695
2009092809 0.25094
2009092815 0.23958
2009092821 0.22900
2009092903 0.50497
2009092909 0.15678
2009092915 1.08287
2009092921 3.28688
2009093003 2.29429
2009093009 1.47278
2009093015 4.50452
2009093021 0.36530
2009100103 0.24801
2009100109 1.58452
2009100115 0.64157
2009100121 0.34298
2009100203 0.15858
2009100209 0.21279
2009100215 0.21980
2009100221 0.22658
2009100303 0.30337
2009100309 1.06515
2009100315 0.56418
2009100321 0.35540
2009100403 0.29795
2009100409 0.20582
2009100415 0.26352
2009100421 0.22014
2009100503 0.28889
2009100509 0.19688
2009100515 0.30338
2009100521 0.29132
2009100603 0.30362
2009100609 0.26127
2009100615 0.21986
2009100621 0.18828
2009100703 0.21906
2009100709 0.18851
2009100715 0.29912
2009100721 0.20533
2009100803 4.50765
2009100809 0.31199
2009100815 0.34964
2009100821 0.22918
2009100903 0.28963
2009100909 0.26371
2009100915 0.21612
2009100921 0.15779
2009101003 0.10486
2009101009 0.12011
2009101015 0.14308
2009101021 0.13000
2009101103 0.13028
2009101109 0.15379
2009101115 0.14500
2009101121 0.14320
2009101203 0.13685
2009101209 0.14925
2009101215 0.16765
2009101221 0.15701
2009101303 0.13683
2009101309 0.31724
2009101315 0.50975
2009101321 7.09804
2009101403 8.11839
2009101409 0.94453
2009101415 0.41757
2009101421 0.53613
2009101503 6.87758
2009101509 4.68340
2009101515 0.76767
2009101521 0.67657
2009101603 0.22034
2009101609 0.13595
2009101615 0.31571
2009101621 0.28693
2009101703 0.11494
2009101709 0.17030
2009101715 0.43161
2009101721 0.38035
2009101803 0.36895
2009101809 0.12833
2009101815 0.18720
2009101821 0.18005
2009101903 0.22364
2009101909 0.28558
2009101915 0.42038
2009101921 0.44989
2009102003 0.14861
2009102009 0.21079
2009102015 0.35525
2009102021 1.88779
2009102103 0.17531
2009102109 0.15014
2009102115 0.17452
2009102121 0.33657
2009102203 0.23417
2009102209 0.15612
2009102215 0.32212
2009102221 0.33489
2009102303 0.30084
2009102309 0.38035
2009102315 0.20227
2009102321 0.41460
2009102403 0.42310
2009102409 0.22547
2009102415 0.29318
2009102421 0.61805
2009102503 0.21382
2009102509 0.14800
2009102515 0.24022
2009102521 0.15593
2009102603 0.19295
2009102609 0.21857
2009102615 0.47768
2009102621 3.24801
2009102703 5.23769
2009102709 0.49027
2009102715 0.21438
2009102721 0.19011
2009102803 0.12972
2009102809 0.20721
2009102815 0.67490
2009102821 0.80271
2009102903 0.20499
2009102909 0.16614
2009102915 0.17316
2009102921 0.17935
2009103003 0.13115
2009103009 1.41541
2009103015 3.11669
2009103021 0.15956
2009103103 0.19786
2009103109 0.18201
2009103115 0.27893
2009103121 0.20360
2009110103 0.15723
2009110109 0.16078
2009110115 0.19446
2009110121 0.22549
2009110203 0.20267
2009110209 0.37413
2009110215 0.62794
2009110221 0.61375
2009110303 0.19015
2009110309 0.20100
2009110315 0.26413
2009110321 0.34760
2009110403 0.17705
2009110409 0.19730
2009110415 0.57502
2009110421 0.33042
2009110503 0.21537
2009110509 0.24350
2009110515 0.25567
2009110521 1.29644
2009110603 0.31852
2009110609 0.27637
2009110615 0.28721
2009110621 0.17100
2009110703 0.16241
2009110709 0.15963
2009110715 0.17618
2009110721 0.31080
2009110803 0.78618
2009110809 0.24326
2009110815 0.19146
2009110821 0.49786
2009110903 0.73461
2009110909 0.16299
2009110915 0.24319
2009110921 0.27076
2009111003 3.00398
2009111009 0.49661
2009111015 0.27293
2009111021 0.19258
2009111103 0.18539
2009111109 0.28404
2009111115 0.32777
2009111121 0.28544
2009111203 0.26169
2009111209 0.45970
2009111215 0.34158
2009111221 0.40396
2009111303 0.25636
2009111309 0.27074
2009111315 0.46155
2009111321 1.18840
2009111403 3.58036
2009111409 0.65109
2009111415 0.53018
2009111421 0.27743
2009111503 0.20168
2009111509 0.33891
2009111515 0.64820
2009111521 0.24838
2009111603 0.24766
2009111609 0.37478
2009111615 0.40062
2009111621 0.28165
2009111703 0.28429
2009111709 0.31407
2009111715 0.57735
2009111721 0.51360
2009111803 0.44323
2009111809 0.51894
2009111815 0.81273
2009111821 0.34212
2009111903 0.29152
2009111909 0.31295
2009111915 0.37733
2009111921 0.19485
2009112003 0.19544
2009112009 0.21662
2009112015 0.30130
2009112021 0.20902
2009112103 0.33763
2009112109 0.38599
2009112115 0.54833
2009112121 3.11415
2009112203 0.57329
2009112209 0.26576
2009112215 0.19029
2009112221 0.20084
2009112303 0.23365
2009112309 0.63836
2009112315 0.60430
2009112321 0.23485
2009112403 0.44689
2009112409 0.30866
2009112415 0.30977
2009112421 0.29738
2009112503 0.22560
2009112509 0.20959
2009112515 0.23696
2009112521 0.19991
2009112603 0.25263
2009112609 0.17797
2009112615 0.26800
2009112621 0.24299
2009112703 0.23788
2009112709 2.09427
2009112715 1.15798
2009112721 2.21574
2009112803 0.24300
2009112809 0.23006
2009112815 0.30004
2009112821 0.29658
2009112903 0.22819
2009112909 0.17254
2009112915 0.20038
2009112921 1.84675
2009113003 1.77049
2009113009 0.22121
2009113015 0.18662
2009113021 0.17409
2009120103 0.21690
2009120109 0.33457
2009120115 0.34822
2009120121 0.20666
2009120203 0.19247
2009120209 0.27043
2009120215 0.26961
2009120221 0.25407
2009120303 0.18754
2009120309 0.37987
2009120315 0.41230
2009120321 0.30064
2009120403 0.32593
2009120409 0.27295
2009120415 0.26627
2009120421 0.97736
2009120503 0.93579
2009120509 0.34951
2009120515 0.30159
2009120521 2.03581
2009120603 0.32324
2009120609 0.47386
2009120615 0.43005
2009120621 0.23768
2009120703 0.62857
2009120709 1.44763
2009120715 0.62340
2009120721 0.46762
2009120803 0.28562
2009120809 0.20952
2009120815 0.18217
2009120821 0.20160
2009120903 0.30067
2009120909 0.62496
2009120915 1.05676
2009120921 0.53996
2009121003 0.43491
2009121009 0.61599
2009121015 2.59753
2009121021 0.58878
2009121103 0.51718
2009121109 0.32332
2009121115 0.30320
2009121121 0.33948
2009121203 0.38184
2009121209 0.34360
2009121215 0.42105
2009121221 0.29106
2009121303 0.27797
2009121309 0.30790
2009121315 0.56066
2009121321 0.26594
2009121403 0.45574
2009121409 0.32293
2009121415 0.35976
2009121421 0.56852
2009121503 0.44481
2009121509 0.45251
2009121515 0.30799
2009121521 0.53576
2009121603 0.57187
2009121609 0.28844
2009121615 0.32621
2009121621 0.59581
2009121703 0.50467
2009121709 0.54122
2009121715 0.54609
2009121721 5.03740
2009121803 4.04103
2009121809 0.93501
2009121815 0.93124
2009121821 0.79493
2009121903 0.65910
2009121909 0.64495
2009121915 0.68564
2009121921 0.90671
2009122003 0.46009
2009122009 0.34961
2009122015 0.37072
2009122021 0.36182
2009122103 0.43710
2009122109 0.50714
2009122115 0.31440
2009122121 0.29871
2009122203 0.59454
2009122209 0.34908
2009122215 0.26713
2009122221 0.17342
2009122303 0.35704
2009122309 0.76114
2009122315 0.46308
2009122321 0.57576
2009122403 0.30652
2009122409 0.82976
2009122415 0.82581
2009122421 0.27238
2009122503 0.17034
2009122509 0.24229
2009122515 0.24852
2009122521 0.25873
2009122603 0.52312
2009122609 0.87253
2009122615 0.52352
2009122621 0.84293
2009122703 0.34429
2009122709 0.33755
2009122715 0.41005
2009122721 0.73098
2009122803 1.81997
2009122809 1.48043
2009122815 0.45535
2009122821 0.24918
2009122903 0.38831
2009122909 0.70366
