20090103 0.00000
20090104 30.00000
20090105 0.00000
20090106 0.00000
20090107 0.00000
20090108 33.00000
20090109 0.00000
20090110 0.00000
20090111 138.00000
20090112 0.00000
20090113 0.00000
20090114 0.00000
20090115 0.00000
20090116 17.00000
20090117 0.00000
20090118 0.00000
20090119 0.00000
20090120 1.00000
20090121 0.00000
20090122 48.00000
20090123 21.00000
20090124 11.00000
20090125 40.00000
20090126 60.00000
20090127 8.00000
20090128 79.00000
20090129 35.00000
20090130 0.00000
20090131 50.00000
20090201 6.00000
20090202 0.00000
20090203 0.00000
20090204 0.00000
20090205 26.00000
20090206 266.00000
20090207 9.00000
20090208 1.00000
20090209 0.00000
20090210 7.00000
20090211 25.00000
20090212 47.00000
20090213 251.00000
20090214 29.00000
20090215 34.00000
20090216 51.00000
20090217 23.00000
20090218 24.00000
20090219 0.00000
20090220 23.00000
20090221 100.00000
20090222 11.00000
20090223 16.00000
20090224 51.00000
20090225 110.00000
20090226 0.00000
20090227 154.00000
20090228 0.00000
20090301 0.00000
20090302 108.00000
20090303 48.00000
20090304 110.00000
20090305 23.00000
20090306 18.00000
20090307 7.00000
20090308 0.00000
20090309 0.00000
20090310 0.00000
20090311 0.00000
20090312 479.00000
20090313 1040.00000
20090314 54.00000
20090315 17.00000
20090316 18.00000
20090317 0.00000
20090318 0.00000
20090319 0.00000
20090320 85.00000
20090321 1.00000
20090322 26.00000
20090323 8.00000
20090324 0.00000
20090325 0.00000
20090326 0.00000
20090327 0.00000
20090328 81.00000
20090329 0.00000
20090330 108.00000
20090331 0.00000
20090401 65.00000
20090402 61.00000
20090403 105.00000
20090404 89.00000
20090405 116.00000
20090406 114.00000
20090407 3.00000
20090408 0.00000
20090409 6.00000
20090410 7.00000
20090411 52.00000
20090412 244.00000
20090413 11.00000
20090414 60.00000
20090415 170.00000
20090416 1.00000
20090417 25.00000
20090418 15.00000
20090419 350.00000
20090420 687.00000
20090421 0.00000
20090422 0.00000
20090423 25.00000
20090424 145.00000
20090425 5.00000
20090426 62.00000
20090427 0.00000
20090428 0.00000
20090429 1.00000
20090430 106.00000
20090501 0.00000
20090502 0.00000
20090503 0.00000
20090504 96.00000
20090505 0.00000
20090506 359.00000
20090507 9.00000
20090508 197.00000
20090509 0.00000
20090510 581.00000
20090511 297.00000
20090512 0.00000
20090513 0.00000
20090514 2.00000
20090515 0.00000
20090516 372.00000
20090517 263.00000
20090518 48.00000
20090519 0.00000
20090520 0.00000
20090521 64.00000
20090522 244.00000
20090523 69.00000
20090524 69.00000
20090525 9.00000
20090526 0.00000
20090527 59.00000
20090528 14.00000
20090529 17.00000
20090530 0.00000
20090531 291.00000
20090601 188.00000
20090602 395.00000
20090603 48.00000
20090604 756.00000
20090605 100.00000
20090606 228.00000
20090607 34.00000
20090608 0.00000
20090609 0.00000
20090610 0.00000
20090611 21.00000
20090612 96.00000
20090613 200.00000
20090614 347.00000
20090615 27.00000
20090616 62.00000
20090617 96.00000
20090618 0.00000
20090619 0.00000
20090620 86.00000
20090621 123.00000
20090622 21.00000
20090623 0.00000
20090624 28.00000
20090625 17.00000
20090626 261.00000
20090627 156.00000
20090628 0.00000
20090629 0.00000
20090630 51.00000
20090701 0.00000
20090702 71.00000
20090703 0.00000
20090704 13.00000
20090705 0.00000
20090706 15.00000
20090707 20.00000
20090708 0.00000
20090709 3.00000
20090710 0.00000
20090711 0.00000
20090712 0.00000
20090713 13.00000
20090714 106.00000
20090715 18.00000
20090716 58.00000
20090717 0.00000
20090718 241.00000
20090719 201.00000
20090720 159.00000
20090721 377.00000
20090722 61.00000
20090723 71.00000
20090724 1.00000
20090725 0.00000
20090726 1.00000
20090727 282.00000
20090728 313.00000
20090729 100.00000
20090730 23.00000
20090731 229.00000
20090801 37.00000
20090802 0.00000
20090803 16.00000
20090804 16.00000
20090805 262.00000
20090806 0.00000
20090807 0.00000
20090808 0.00000
20090809 25.00000
20090810 0.00000
20090811 99.00000
20090812 739.00000
20090813 116.00000
20090814 69.00000
20090815 101.00000
20090816 37.00000
20090817 48.00000
20090818 25.00000
20090819 0.00000
20090820 0.00000
20090821 269.00000
20090822 0.00000
20090823 115.00000
20090824 37.00000
20090825 44.00000
20090826 0.00000
20090827 0.00000
20090828 51.00000
20090829 0.00000
20090830 121.00000
20090831 1.00000
20090901 0.00000
20090902 288.00000
20090903 100.00000
20090904 0.00000
20090905 72.00000
20090906 22.00000
20090907 105.00000
20090908 68.00000
20090909 70.00000
20090910 0.00000
20090911 0.00000
20090912 16.00000
20090913 0.00000
20090914 79.00000
20090915 0.00000
20090916 0.00000
20090917 21.00000
20090918 32.00000
20090919 1.00000
20090920 0.00000
20090921 5.00000
20090922 0.00000
20090923 0.00000
20090924 0.00000
20090925 0.00000
20090926 125.00000
20090927 34.00000
20090928 0.00000
20090929 101.00000
20090930 263.00000
20091001 18.00000
20091002 0.00000
20091003 103.00000
20091004 0.00000
20091005 0.00000
20091006 0.00000
20091007 0.00000
20091008 40.00000
20091009 0.00000
20091010 0.00000
20091011 0.00000
20091012 0.00000
20091013 81.00000
20091014 565.00000
20091015 474.00000
20091016 0.00000
20091017 0.00000
20091018 0.00000
20091019 0.00000
20091020 10.00000
20091021 0.00000
20091022 0.00000
20091023 0.00000
20091024 47.00000
20091025 0.00000
20091026 80.00000
20091027 467.00000
20091028 96.00000
20091029 0.00000
20091030 7.00000
20091031 0.00000
20091101 0.00000
20091102 78.00000
20091103 0.00000
20091104 57.00000
20091105 5.00000
20091106 0.00000
20091107 0.00000
20091108 95.00000
20091109 29.00000
20091110 84.00000
20091111 0.00000
20091112 0.00000
20091113 45.00000
20091114 277.00000
20091115 0.00000
20091116 0.00000
20091117 0.00000
20091118 78.00000
20091119 0.00000
20091120 0.00000
20091121 53.00000
20091122 126.00000
20091123 1.00000
20091124 39.00000
20091125 0.00000
20091126 0.00000
20091127 20.00000
20091128 1.00000
20091129 0.00000
20091130 99.00000
20091201 6.00000
20091202 0.00000
20091203 0.00000
20091204 0.00000
20091205 19.00000
20091206 43.00000
20091207 145.00000
20091208 0.00000
20091209 118.00000
20091210 96.00000
20091211 39.00000
20091212 0.00000
20091213 19.00000
20091214 0.00000
20091215 28.00000
20091216 0.00000
20091217 0.00000
20091218 319.00000
20091219 29.00000
20091220 0.00000
20091221 0.00000
20091222 20.00000
20091223 0.00000
20091224 49.00000
20091225 0.00000
20091226 59.00000
20091227 18.00000
20091228 246.00000
20091229 11.00000
