2009010303 2.49679
2009010309 2.49410
2009010315 2.00086
2009010321 1.32687
2009010403 9.98730
2009010409 0.64154
2009010415 0.98282
2009010421 1.15893
2009010503 1.15903
2009010509 1.00391
2009010515 0.71356
2009010521 0.57669
2009010603 0.70933
2009010609 0.67045
2009010615 1.08304
2009010621 1.27678
2009010703 1.27510
2009010709 1.35426
2009010715 2.09030
2009010721 2.43835
2009010803 2.43842
2009010809 2.58706
2009010815 2.77419
2009010821 2.55753
2009010903 2.39873
2009010909 2.25650
2009010915 1.08804
2009010921 1.39354
2009011003 3.45434
2009011009 1.86901
2009011015 0.84910
2009011021 1.14894
2009011103 2.59624
2009011109 4.48275
2009011115 5.47025
2009011121 5.21793
2009011203 4.09484
2009011209 3.69584
2009011215 3.23505
2009011221 2.42125
2009011303 1.95223
2009011309 2.83925
2009011315 1.24555
2009011321 1.27185
2009011403 1.25016
2009011409 1.13154
2009011415 1.07473
2009011421 1.07515
2009011503 1.02846
2009011509 1.39154
2009011515 1.09551
2009011521 4.74318
2009011603 1.61664
2009011609 2.03877
2009011615 1.78253
2009011621 1.96022
2009011703 1.53935
2009011709 1.76157
2009011715 1.24045
2009011721 0.97747
2009011803 1.04425
2009011809 1.42573
2009011815 1.46226
2009011821 1.39381
2009011903 0.94295
2009011909 0.93491
2009011915 0.93658
2009011921 0.93855
2009012003 0.77510
2009012009 0.63766
2009012015 1.85905
2009012021 1.85681
2009012103 1.34470
2009012109 0.90843
2009012115 1.01202
2009012121 1.00870
2009012203 0.98501
2009012209 1.82945
2009012215 3.79448
2009012221 4.30079
2009012303 4.70303
2009012309 2.55418
2009012315 1.97062
2009012321 2.22925
2009012403 2.07977
2009012409 1.36103
2009012415 2.02209
2009012421 2.52819
2009012503 2.74166
2009012509 3.34850
2009012515 3.48386
2009012521 3.83224
2009012603 3.84284
2009012609 3.02302
2009012615 2.94439
2009012621 2.13847
2009012703 3.08460
2009012709 3.30817
2009012715 2.23539
2009012721 2.06108
2009012803 4.25896
2009012809 4.53590
2009012815 2.23823
2009012821 1.63587
2009012903 1.37806
2009012909 2.42491
2009012915 2.70651
2009012921 2.70782
2009013003 2.53725
2009013009 2.06487
2009013015 1.82812
2009013021 2.00730
2009013103 3.05014
2009013109 3.05988
2009013115 2.11357
2009013121 1.95645
2009020103 1.96597
2009020109 1.82584
2009020115 2.31372
2009020121 1.86876
2009020203 1.49314
2009020209 1.74761
2009020215 1.71138
2009020221 1.70355
2009020303 1.95064
2009020309 2.14438
2009020315 2.77554
2009020321 2.75538
2009020403 1.96606
2009020409 1.69485
2009020415 1.57985
2009020421 2.22314
2009020503 2.66623
2009020509 3.22967
2009020515 2.67228
2009020521 4.52758
2009020603 7.15663
2009020609 7.19444
2009020615 5.49070
2009020621 4.84785
2009020703 2.45280
2009020709 2.26926
2009020715 1.36413
2009020721 0.77782
2009020803 1.07050
2009020809 1.36815
2009020815 1.66185
2009020821 1.00564
2009020903 1.66524
2009020909 1.76732
2009020915 1.65709
2009020921 1.09196
2009021003 1.01588
2009021009 1.15255
2009021015 2.35864
2009021021 2.83245
2009021103 2.70512
2009021109 2.50013
2009021115 3.30666
2009021121 6.90074
2009021203 3.22120
2009021209 2.46631
2009021215 3.56922
2009021221 5.60926
2009021303 8.62582
2009021309 8.65981
2009021315 6.59863
2009021321 3.44021
2009021403 2.18301
2009021409 2.19052
2009021415 2.01635
2009021421 2.64440
2009021503 3.38581
2009021509 3.38580
2009021515 2.73444
2009021521 2.67197
2009021603 3.47292
2009021609 3.96486
2009021615 3.96034
2009021621 3.17980
2009021703 2.45880
2009021709 2.52757
2009021715 1.82809
2009021721 3.31949
2009021803 2.41570
2009021809 1.66244
2009021815 1.72566
2009021821 1.30069
2009021903 1.23533
2009021909 1.43963
2009021915 1.77249
2009021921 2.13656
2009022003 2.13948
2009022009 2.14657
2009022015 2.78494
2009022021 2.81542
2009022103 7.25317
2009022109 5.37480
2009022115 2.62377
2009022121 2.27373
2009022203 2.40327
2009022209 2.22293
2009022215 1.98226
2009022221 1.29500
2009022303 1.91946
2009022309 2.43985
2009022315 2.41568
2009022321 1.78316
2009022403 1.19662
2009022409 0.94538
2009022415 3.21586
2009022421 5.58405
2009022503 5.78260
2009022509 2.60567
2009022515 1.76141
2009022521 1.23222
2009022603 0.98324
2009022609 1.36696
2009022615 1.61818
2009022621 2.37479
2009022703 4.81531
2009022709 7.37451
2009022715 7.48592
2009022721 5.91623
2009022803 1.97125
2009022809 1.83666
2009022815 1.38863
2009022821 1.38900
2009030103 1.27590
2009030109 1.12170
2009030115 0.82923
2009030121 3.06889
2009030203 5.29725
2009030209 6.23087
2009030215 5.75049
2009030221 3.94483
2009030303 2.70565
2009030309 2.28744
2009030315 3.93328
2009030321 4.28230
2009030403 4.90835
2009030409 4.82764
2009030415 3.43223
2009030421 2.77995
2009030503 2.77645
2009030509 2.99610
2009030515 3.09419
2009030521 3.09507
2009030603 2.99263
2009030609 2.04576
2009030615 3.09547
2009030621 3.01048
2009030703 1.07954
2009030709 1.79129
2009030715 2.36722
2009030721 2.49688
2009030803 2.45384
2009030809 1.93042
2009030815 1.67839
2009030821 1.87423
2009030903 2.23939
2009030909 2.29568
2009030915 2.44735
2009030921 2.54152
2009031003 2.45674
2009031009 1.72160
2009031015 1.92953
2009031021 1.92020
2009031103 2.06741
2009031109 2.04019
2009031115 2.35675
2009031121 2.75386
2009031203 2.75456
2009031209 14.99246
2009031215 17.42787
2009031221 17.72489
2009031303 23.66599
2009031309 33.66676
2009031315 34.75838
2009031321 29.21134
2009031403 3.81039
2009031409 3.85744
2009031415 3.68309
2009031421 3.15558
2009031503 3.07395
2009031509 2.99653
2009031515 2.18519
2009031521 2.20488
2009031603 2.28848
2009031609 2.23666
2009031615 2.00980
2009031621 1.80505
2009031703 1.54569
2009031709 1.40622
2009031715 1.17360
2009031721 1.04803
2009031803 0.77745
2009031809 0.87685
2009031815 0.85824
2009031821 0.94986
2009031903 1.04656
2009031909 2.18509
2009031915 2.22988
2009031921 3.33274
2009032003 3.50325
2009032009 2.13808
2009032015 2.63620
2009032021 2.79479
2009032103 2.22688
2009032109 2.47542
2009032115 2.47811
2009032121 2.35024
2009032203 2.39685
2009032209 2.03301
2009032215 1.88419
2009032221 1.67717
2009032303 1.63981
2009032309 1.12680
2009032315 1.24077
2009032321 1.32850
2009032403 1.32389
2009032409 1.42644
2009032415 1.82253
2009032421 2.10685
2009032503 2.12340
2009032509 2.07691
2009032515 1.65110
2009032521 1.11903
2009032603 0.71895
2009032609 0.98783
2009032615 1.02545
2009032621 0.98493
2009032703 0.86688
2009032709 0.86449
2009032715 1.21066
2009032721 1.57931
2009032803 2.30910
2009032809 3.32503
2009032815 3.86800
2009032821 4.00411
2009032903 3.55132
2009032909 2.03972
2009032915 1.64651
2009032921 3.86854
2009033003 5.27022
2009033009 5.92693
2009033015 5.10757
2009033021 3.16876
2009033103 1.84961
2009033109 1.03312
2009033115 1.61099
2009033121 1.61770
2009040103 1.89350
2009040109 3.66979
2009040115 3.98316
2009040121 4.00878
2009040203 3.64672
2009040209 3.04955
2009040215 3.53950
2009040221 4.31253
2009040303 4.27669
2009040309 2.35267
2009040315 3.40006
2009040321 3.57206
2009040403 2.64553
2009040409 4.43610
2009040415 6.38176
2009040421 6.64878
2009040503 5.81141
2009040509 4.03767
2009040515 3.20300
2009040521 3.14883
2009040603 3.06464
2009040609 2.99832
2009040615 4.07850
2009040621 3.87811
2009040703 1.64189
2009040709 1.60524
2009040715 0.71250
2009040721 0.65827
2009040803 0.65161
2009040809 0.70464
2009040815 0.86027
2009040821 1.12559
2009040903 1.12951
2009040909 2.66158
2009040915 2.96723
2009040921 2.89988
2009041003 2.65849
2009041009 3.18849
2009041015 3.30044
2009041021 2.80181
2009041103 2.87742
2009041109 3.20250
2009041115 2.18031
2009041121 2.82135
2009041203 4.28120
2009041209 5.09781
2009041215 5.12341
2009041221 5.85831
2009041303 4.08344
2009041309 2.45234
2009041315 2.11807
2009041321 1.98497
2009041403 3.45999
2009041409 4.34942
2009041415 2.23919
2009041421 3.25402
2009041503 4.71307
2009041509 6.16623
2009041515 6.12108
2009041521 4.09254
2009041603 1.98922
2009041609 1.53984
2009041615 1.55480
2009041621 1.77127
2009041703 2.02117
2009041709 3.45470
2009041715 3.42807
2009041721 2.39568
2009041803 5.32404
2009041809 2.66813
2009041815 2.40339
2009041821 3.64805
2009041903 5.90235
2009041909 8.07847
2009041915 8.44003
2009041921 26.72447
2009042003 25.40782
2009042009 18.21415
2009042015 12.39110
2009042021 7.65421
2009042103 3.86094
2009042109 8.50618
2009042115 1.63903
2009042121 1.06207
2009042203 1.02040
2009042209 1.53098
2009042215 1.88098
2009042221 1.88097
2009042303 1.99034
2009042309 2.85990
2009042315 3.28340
2009042321 3.89848
2009042403 5.21169
2009042409 5.21188
2009042415 3.91021
2009042421 2.06741
2009042503 1.70490
2009042509 1.70518
2009042515 1.52947
2009042521 1.79942
2009042603 2.61766
2009042609 3.28998
2009042615 3.33617
2009042621 1.86475
2009042703 1.66615
2009042709 0.78129
2009042715 1.13177
2009042721 1.13168
2009042803 1.91900
2009042809 2.31589
2009042815 3.13496
2009042821 1.80387
2009042903 1.84552
2009042909 1.51908
2009042915 1.91593
2009042921 3.18166
2009043003 5.11519
2009043009 5.42999
2009043015 3.74655
2009043021 2.44784
2009050103 1.69813
2009050109 1.29742
2009050115 1.92489
2009050121 2.99794
2009050203 1.67115
2009050209 1.67141
2009050215 1.59670
2009050221 1.27021
2009050303 0.95363
2009050309 1.52804
2009050315 1.59632
2009050321 1.31514
2009050403 2.82190
2009050409 5.00300
2009050415 5.25744
2009050421 4.28967
2009050503 2.05691
2009050509 0.86524
2009050515 1.90277
2009050521 3.35653
2009050603 6.31058
2009050609 8.30771
2009050615 8.33274
2009050621 7.14009
2009050703 4.17789
2009050709 1.36637
2009050715 2.90822
2009050721 5.52002
2009050803 6.16300
2009050809 5.74585
2009050815 3.59150
2009050821 2.64238
2009050903 5.50483
2009050909 3.23636
2009050915 4.82902
2009050921 8.41784
2009051003 14.36967
2009051009 16.82738
2009051015 16.56826
2009051021 10.31341
2009051103 8.59618
2009051109 5.13374
2009051115 5.31214
2009051121 4.92009
2009051203 3.46677
2009051209 3.81290
2009051215 1.13998
2009051221 0.65613
2009051303 0.89421
2009051309 0.64278
2009051315 0.65589
2009051321 0.97618
2009051403 1.13787
2009051409 1.90853
2009051415 1.41900
2009051421 1.15563
2009051503 1.41026
2009051509 1.86505
2009051515 2.34628
2009051521 2.43505
2009051603 5.12895
2009051609 7.57683
2009051615 10.93939
2009051621 15.52185
2009051703 14.22367
2009051709 7.78276
2009051715 5.26934
2009051721 1.40338
2009051803 1.14899
2009051809 2.57144
2009051815 3.08281
2009051821 2.37470
2009051903 1.67743
2009051909 1.65372
2009051915 1.53200
2009051921 1.78616
2009052003 1.87450
2009052009 1.87160
2009052015 2.05023
2009052021 2.51341
2009052103 2.36929
2009052109 3.59395
2009052115 3.38528
2009052121 3.02085
2009052203 4.29010
2009052209 7.74337
2009052215 11.13996
2009052221 11.06001
2009052303 3.42798
2009052309 3.42094
2009052315 2.97138
2009052321 2.03864
2009052403 2.05064
2009052409 3.36185
2009052415 3.76098
2009052421 1.77877
2009052503 2.29942
2009052509 2.26229
2009052515 1.68590
2009052521 1.30445
2009052603 1.75727
2009052609 1.88334
2009052615 1.45096
2009052621 2.31131
2009052703 3.52762
2009052709 3.81123
2009052715 3.63329
2009052721 2.58436
2009052803 1.74485
2009052809 2.57352
2009052815 4.09303
2009052821 3.18095
2009052903 3.20980
2009052909 3.18505
2009052915 2.39084
2009052921 1.20796
2009053003 4.46619
2009053009 1.95617
2009053015 1.15752
2009053021 1.47161
2009053103 2.52967
2009053109 5.41659
2009053115 8.76081
2009053121 10.04094
2009060103 7.98309
2009060109 4.94659
2009060115 4.35655
2009060121 5.61588
2009060203 6.06342
2009060209 8.01943
2009060215 16.84964
2009060221 13.27617
2009060303 3.46399
2009060309 4.54978
2009060315 5.68614
2009060321 6.05565
2009060403 5.88424
2009060409 18.20003
2009060415 20.51403
2009060421 14.89570
2009060503 7.16924
2009060509 2.78148
2009060515 1.87000
2009060521 4.76888
2009060603 5.49739
2009060609 9.06186
2009060615 11.78248
2009060621 8.26532
2009060703 4.69321
2009060709 2.13632
2009060715 2.48046
2009060721 2.58171
2009060803 2.53777
2009060809 2.30603
2009060815 1.88667
2009060821 1.46384
2009060903 1.47684
2009060909 1.99945
2009060915 1.81089
2009060921 1.43318
2009061003 1.16300
2009061009 1.36866
2009061015 2.08473
2009061021 2.44385
2009061103 2.44745
2009061109 2.26544
2009061115 2.57894
2009061121 4.30145
2009061203 4.42306
2009061209 3.09509
2009061215 1.56771
2009061221 1.25745
2009061303 9.05197
2009061309 9.01729
2009061315 5.32724
2009061321 3.33410
2009061403 4.86613
2009061409 9.42409
2009061415 28.57866
2009061421 26.65678
2009061503 5.94358
2009061509 3.23600
2009061515 2.41277
2009061521 2.93748
2009061603 4.32163
2009061609 9.53381
2009061615 3.80345
2009061621 5.50207
2009061703 6.78680
2009061709 3.29528
2009061715 2.20156
2009061721 1.77618
2009061803 1.80729
2009061809 1.45299
2009061815 1.69079
2009061821 1.67364
2009061903 1.70417
2009061909 2.18940
2009061915 2.18660
2009061921 1.65090
2009062003 4.77029
2009062009 4.77044
2009062015 3.41387
2009062021 4.35891
2009062103 4.93561
2009062109 4.84336
2009062115 3.43790
2009062121 1.67722
2009062203 2.50806
2009062209 2.80720
2009062215 2.95160
2009062221 2.39629
2009062303 1.38128
2009062309 1.54200
2009062315 2.26520
2009062321 2.19581
2009062403 2.84592
2009062409 2.81798
2009062415 2.50804
2009062421 2.66703
2009062503 2.66453
2009062509 3.25843
2009062515 3.24748
2009062521 6.81428
2009062603 10.86265
2009062609 10.86868
2009062615 9.04435
2009062621 6.15935
2009062703 7.43583
2009062709 4.28078
2009062715 2.55037
2009062721 1.54747
2009062803 0.89269
2009062809 1.30461
2009062815 3.34602
2009062821 1.38861
2009062903 0.98249
2009062909 0.91916
2009062915 1.55120
2009062921 3.75812
2009063003 3.14980
2009063009 3.04484
2009063015 2.69264
2009063021 1.64495
2009070103 1.51517
2009070109 2.06913
2009070115 2.73396
2009070121 3.36337
2009070203 3.77445
2009070209 3.11108
2009070215 3.11887
2009070221 2.66613
2009070303 1.63433
2009070309 1.12986
2009070315 1.23787
2009070321 1.40815
2009070403 0.93338
2009070409 0.86313
2009070415 2.04219
2009070421 2.51184
2009070503 2.40932
2009070509 1.32835
2009070515 0.80146
2009070521 1.54749
2009070603 2.26461
2009070609 2.48624
2009070615 2.44447
2009070621 1.70562
2009070703 0.84190
2009070709 0.67308
2009070715 2.48561
2009070721 2.49220
2009070803 1.42588
2009070809 1.13680
2009070815 1.30564
2009070821 1.92892
2009070903 2.01677
2009070909 1.11278
2009070915 1.91448
2009070921 1.02313
2009071003 1.30446
2009071009 1.88120
2009071015 1.95321
2009071021 1.81247
2009071103 0.91319
2009071109 1.02841
2009071115 1.14109
2009071121 1.25405
2009071203 1.16766
2009071209 1.01710
2009071215 1.08922
2009071221 1.52577
2009071303 1.64722
2009071309 1.68790
2009071315 3.70038
2009071321 5.85910
2009071403 6.01442
2009071409 4.84864
2009071415 2.25551
2009071421 1.97934
2009071503 2.21700
2009071509 2.42794
2009071515 7.19731
2009071521 2.64102
2009071603 3.82641
2009071609 3.44898
2009071615 2.21086
2009071621 2.47032
2009071703 2.53413
2009071709 2.37672
2009071715 1.97625
2009071721 2.32337
2009071803 5.43800
2009071809 9.66706
2009071815 9.38118
2009071821 4.54068
2009071903 4.13100
2009071909 7.02485
2009071915 7.27863
2009071921 4.90566
2009072003 4.68605
2009072009 7.65145
2009072015 14.54766
2009072021 23.11406
2009072103 22.14851
2009072109 12.06035
2009072115 2.62114
2009072121 2.96401
2009072203 3.34833
2009072209 4.65432
2009072215 4.03578
2009072221 4.61378
2009072303 4.52688
2009072309 2.20731
2009072315 2.25301
2009072321 1.96975
2009072403 1.17648
2009072409 1.23542
2009072415 1.29488
2009072421 1.41054
2009072503 1.03261
2009072509 0.95467
2009072515 1.08858
2009072521 1.33953
2009072603 1.43646
2009072609 1.43588
2009072615 1.31200
2009072621 3.84222
2009072703 6.27494
2009072709 7.97690
2009072715 15.85751
2009072721 19.74143
2009072803 17.85150
2009072809 8.32664
2009072815 4.10765
2009072821 4.43925
2009072903 4.16962
2009072909 2.66724
2009072915 5.23976
2009072921 6.84577
2009073003 4.08882
2009073009 2.08721
2009073015 1.98984
2009073021 2.27795
2009073103 4.79771
2009073109 7.94080
2009073115 9.38629
2009073121 7.49081
2009080103 2.42587
2009080109 1.29707
2009080115 0.87620
2009080121 1.14079
2009080203 1.46360
2009080209 1.49583
2009080215 1.71557
2009080221 1.87752
2009080303 2.03036
2009080309 1.71953
2009080315 1.75865
2009080321 3.46318
2009080403 4.50272
2009080409 2.02214
2009080415 2.33670
2009080421 4.32449
2009080503 8.17251
2009080509 11.47900
2009080515 10.62281
2009080521 6.60301
2009080603 3.89771
2009080609 1.63029
2009080615 1.65254
2009080621 1.68690
2009080703 1.92325
2009080709 1.94172
2009080715 1.84121
2009080721 1.30562
2009080803 0.86490
2009080809 0.44466
2009080815 0.75946
2009080821 1.19354
2009080903 2.54048
2009080909 3.06243
2009080915 3.02328
2009080921 1.44757
2009081003 1.47733
2009081009 2.28179
2009081015 3.07970
2009081021 5.49759
2009081103 39.84376
2009081109 4.74049
2009081115 3.96981
2009081121 7.38481
2009081203 13.89149
2009081209 22.80922
2009081215 26.30415
2009081221 25.16544
2009081303 14.01986
2009081309 3.37274
2009081315 3.76365
2009081321 4.02351
2009081403 4.02358
2009081409 2.81117
2009081415 1.44522
2009081421 1.89701
2009081503 5.36373
2009081509 4.70838
2009081515 2.66958
2009081521 1.95358
2009081603 2.60945
2009081609 3.03126
2009081615 4.33059
2009081621 1.26830
2009081703 2.11269
2009081709 3.18552
2009081715 3.73046
2009081721 3.97842
2009081803 4.01718
2009081809 3.39564
2009081815 1.01737
2009081821 1.21146
2009081903 1.22841
2009081909 1.16409
2009081915 1.14999
2009081921 0.98054
2009082003 0.82638
2009082009 1.21861
2009082015 2.58095
2009082021 5.29865
2009082103 8.81573
2009082109 15.26932
2009082115 10.60017
2009082121 6.21552
2009082203 1.49450
2009082209 1.44466
2009082215 1.43553
2009082221 1.74994
2009082303 2.51730
2009082309 5.94499
2009082315 8.01723
2009082321 3.97283
2009082403 4.04414
2009082409 3.74480
2009082415 2.48454
2009082421 1.94306
2009082503 2.68004
2009082509 3.26646
2009082515 3.10769
2009082521 2.43755
2009082603 1.27468
2009082609 0.89562
2009082615 0.81208
2009082621 0.75233
2009082703 1.83884
2009082709 1.46817
2009082715 1.55709
2009082721 1.55691
2009082803 1.28112
2009082809 3.09408
2009082815 2.91699
2009082821 2.99960
2009082903 1.67144
2009082909 2.00329
2009082915 2.38591
2009082921 3.23009
2009083003 5.97372
2009083009 5.47471
2009083015 2.37693
2009083021 1.02804
2009083103 0.94618
2009083109 0.85293
2009083115 0.92632
2009083121 1.18804
2009090103 1.24857
2009090109 1.06318
2009090115 2.96736
2009090121 6.40337
2009090203 9.66067
2009090209 9.79453
2009090215 7.97842
2009090221 4.05852
2009090303 2.25398
2009090309 4.49195
2009090315 4.64514
2009090321 2.65883
2009090403 1.48950
2009090409 0.78445
2009090415 0.80459
2009090421 1.58702
2009090503 3.05306
2009090509 3.66395
2009090515 4.03322
2009090521 2.77229
2009090603 1.70392
2009090609 2.26835
2009090615 2.29432
2009090621 1.54199
2009090703 1.40954
2009090709 1.34626
2009090715 7.80349
2009090721 10.30791
2009090803 7.42298
2009090809 2.08521
2009090815 1.83160
2009090821 1.89214
2009090903 3.25802
2009090909 3.60089
2009090915 2.02789
2009090921 1.63005
2009091003 1.43305
2009091009 1.37053
2009091015 1.35982
2009091021 1.12321
2009091103 0.59591
2009091109 0.58792
2009091115 0.78124
2009091121 1.08076
2009091203 1.77151
2009091209 2.44379
2009091215 2.72505
2009091221 2.52352
2009091303 1.33298
2009091309 1.54051
2009091315 1.80017
2009091321 2.61826
2009091403 2.72328
2009091409 3.01013
2009091415 4.38254
2009091421 2.95019
2009091503 1.44294
2009091509 1.64648
2009091515 1.36008
2009091521 1.36182
2009091603 1.35106
2009091609 1.21964
2009091615 0.81540
2009091621 0.78790
2009091703 0.98807
2009091709 1.90033
2009091715 2.41047
2009091721 2.08003
2009091803 1.82232
2009091809 2.96865
2009091815 3.42552
2009091821 3.42159
2009091903 1.00896
2009091909 1.19532
2009091915 1.31044
2009091921 1.26427
2009092003 1.14977
2009092009 1.61990
2009092015 1.77238
2009092021 2.59194
2009092103 3.08767
2009092109 3.10937
2009092115 2.93962
2009092121 1.77911
2009092203 0.88396
2009092209 1.30687
2009092215 0.89283
2009092221 0.85535
2009092303 0.71149
2009092309 1.04063
2009092315 1.37325
2009092321 1.37263
2009092403 1.00823
2009092409 1.11417
2009092415 1.00768
2009092421 1.03553
2009092503 0.99830
2009092509 1.25719
2009092515 1.47685
2009092521 1.46990
2009092603 5.40534
2009092609 5.36057
2009092615 3.64644
2009092621 2.60721
2009092703 2.97799
2009092709 2.94295
2009092715 2.05932
2009092721 1.03638
2009092803 1.61598
2009092809 2.04499
2009092815 2.01639
2009092821 1.78830
2009092903 1.92061
2009092909 1.90133
2009092915 4.30671
2009092921 9.00205
2009093003 6.04690
2009093009 6.65922
2009093015 10.88995
2009093021 4.83199
2009100103 3.48250
2009100109 3.06257
2009100115 1.91479
2009100121 1.88018
2009100203 1.82709
2009100209 2.33649
2009100215 2.33650
2009100221 1.91324
2009100303 3.95972
2009100309 6.25086
2009100315 4.91531
2009100321 2.06830
2009100403 1.96015
2009100409 1.88508
2009100415 1.33555
2009100421 1.06881
2009100503 1.62833
2009100509 1.61881
2009100515 1.64932
2009100521 1.89806
2009100603 1.98817
2009100609 1.98711
2009100615 1.02414
2009100621 1.08898
2009100703 1.33709
2009100709 1.33690
2009100715 1.00966
2009100721 0.83631
2009100803 17.59979
2009100809 0.62583
2009100815 0.65157
2009100821 1.11338
2009100903 1.26681
2009100909 1.25609
2009100915 0.89205
2009100921 0.55250
2009101003 0.37416
2009101009 0.43459
2009101015 0.60821
2009101021 0.90562
2009101103 0.98492
2009101109 0.95629
2009101115 0.82550
2009101121 1.21923
2009101203 0.68601
2009101209 0.72772
2009101215 1.20366
2009101221 2.11756
2009101303 2.64484
2009101309 2.64980
2009101315 15.67783
2009101321 24.66776
2009101403 24.97833
2009101409 19.71276
2009101415 10.64535
2009101421 8.36515
2009101503 18.88689
2009101509 15.86216
2009101515 5.41319
2009101521 5.42718
2009101603 4.84894
2009101609 3.42764
2009101615 2.17653
2009101621 3.71589
2009101703 0.45904
2009101709 0.52191
2009101715 0.85909
2009101721 0.95792
2009101803 0.96179
2009101809 1.17136
2009101815 1.15810
2009101821 0.93996
2009101903 1.41964
2009101909 1.59644
2009101915 1.57595
2009101921 1.31660
2009102003 1.15560
2009102009 0.82903
2009102015 1.26922
2009102021 2.20144
2009102103 1.17365
2009102109 0.97212
2009102115 1.11465
2009102121 1.35962
2009102203 1.18116
2009102209 1.58835
2009102215 0.99400
2009102221 1.34531
2009102303 1.79213
2009102309 2.10795
2009102315 2.36285
2009102321 2.56275
2009102403 3.18426
2009102409 2.38761
2009102415 1.61245
2009102421 1.57010
2009102503 1.34803
2009102509 1.11278
2009102515 2.00105
2009102521 3.41631
2009102603 3.51141
2009102609 6.55358
2009102615 12.78762
2009102621 19.75235
2009102703 19.79651
2009102709 14.64024
2009102715 3.48320
2009102721 3.49864
2009102803 3.37059
2009102809 3.74082
2009102815 5.05786
2009102821 5.07854
2009102903 3.98989
2009102909 1.25880
2009102915 1.21012
2009102921 0.94853
2009103003 0.82879
2009103009 2.07292
2009103015 7.65758
2009103021 0.73884
2009103103 0.76074
2009103109 0.83370
2009103115 0.81626
2009103121 0.69592
2009110103 0.57507
2009110109 0.95764
2009110115 1.03502
2009110121 1.74762
2009110203 2.23530
2009110209 3.09844
2009110215 3.95019
2009110221 4.00520
2009110303 1.63616
2009110309 1.00902
2009110315 2.85875
2009110321 2.79014
2009110403 2.01449
2009110409 2.65824
2009110415 3.05319
2009110421 2.97892
2009110503 1.96310
2009110509 2.13932
2009110515 2.05511
2009110521 1.57243
2009110603 1.21168
2009110609 1.05317
2009110615 1.28752
2009110621 1.05874
2009110703 0.94435
2009110709 1.02943
2009110715 2.32383
2009110721 4.60427
2009110803 5.07511
2009110809 4.21937
2009110815 1.91898
2009110821 2.44681
2009110903 2.40659
2009110909 1.94268
2009110915 1.64982
2009110921 3.34942
2009111003 4.89124
2009111009 3.69753
2009111015 0.69979
2009111021 0.68362
2009111103 1.02338
2009111109 1.28282
2009111115 1.30095
2009111121 1.33286
2009111203 1.25425
2009111209 6.31053
2009111215 2.64346
2009111221 1.31375
2009111303 2.59977
2009111309 4.98619
2009111315 7.65669
2009111321 9.33883
2009111403 14.94084
2009111409 9.96325
2009111415 5.09781
2009111421 1.90385
2009111503 1.20196
2009111509 2.17628
2009111515 6.87152
2009111521 1.22933
2009111603 1.22265
2009111609 1.07538
2009111615 0.93370
2009111621 0.88592
2009111703 0.88590
2009111709 0.84301
2009111715 1.47175
2009111721 1.73201
2009111803 2.57570
2009111809 3.94483
2009111815 4.32597
2009111821 4.16460
2009111903 2.67774
2009111909 1.15751
2009111915 1.18070
2009111921 1.23513
2009112003 1.27468
2009112009 1.66298
2009112015 1.66294
2009112021 1.28083
2009112103 2.43559
2009112109 3.09692
2009112115 5.92187
2009112121 7.70961
2009112203 6.83351
2009112209 3.53362
2009112215 1.87501
2009112221 1.05301
2009112303 0.95019
2009112309 0.95454
2009112315 1.38958
2009112321 2.54558
2009112403 2.71626
2009112409 2.41613
2009112415 1.22006
2009112421 1.30284
2009112503 1.29302
2009112509 1.35716
2009112515 1.53717
2009112521 1.77745
2009112603 1.77818
2009112609 0.91811
2009112615 0.71823
2009112621 0.79859
2009112703 1.36656
2009112709 2.86889
2009112715 2.65302
2009112721 4.45471
2009112803 1.13931
2009112809 1.19717
2009112815 1.16978
2009112821 0.83509
2009112903 0.73432
2009112909 1.11135
2009112915 1.20347
2009112921 4.49953
2009113003 4.50262
2009113009 3.33336
2009113015 1.64344
2009113021 0.79366
2009120103 1.47121
2009120109 2.24559
2009120115 1.88620
2009120121 1.85028
2009120203 1.32204
2009120209 0.71794
2009120215 0.85941
2009120221 0.89419
2009120303 1.16014
2009120309 1.23812
2009120315 1.58819
2009120321 1.60995
2009120403 1.36873
2009120409 1.21951
2009120415 1.38603
2009120421 1.64677
2009120503 2.81402
2009120509 3.24449
2009120515 3.24083
2009120521 3.15289
2009120603 3.60642
2009120609 3.89897
2009120615 3.65502
2009120621 4.48795
2009120703 5.60058
2009120709 5.74606
2009120715 5.02851
2009120721 2.61277
2009120803 1.57877
2009120809 1.83905
2009120815 1.66269
2009120821 2.77774
2009120903 4.04460
2009120909 4.97931
2009120915 5.04748
2009120921 4.69529
2009121003 3.43709
2009121009 4.62025
2009121015 7.66829
2009121021 4.92100
2009121103 4.10393
2009121109 2.78264
2009121115 1.84027
2009121121 1.85682
2009121203 1.98438
2009121209 2.03753
2009121215 1.76644
2009121221 1.34694
2009121303 1.86608
2009121309 2.15273
2009121315 2.40111
2009121321 1.25675
2009121403 1.37768
2009121409 1.90579
2009121415 2.51450
2009121421 3.19007
2009121503 3.19906
2009121509 1.98140
2009121515 1.23223
2009121521 1.82303
2009121603 2.11769
2009121609 2.11085
2009121615 2.10832
2009121621 2.06492
2009121703 1.45272
2009121709 2.79890
2009121715 7.51247
2009121721 17.56576
2009121803 17.56560
2009121809 8.87667
2009121815 2.66360
2009121821 2.44844
2009121903 2.39633
2009121909 2.33624
2009121915 1.56198
2009121921 1.59719
2009122003 1.19925
2009122009 1.16478
2009122015 1.24210
2009122021 1.52070
2009122103 1.59588
2009122109 1.44723
2009122115 1.05267
2009122121 1.74350
2009122203 2.00984
2009122209 1.69303
2009122215 0.95485
2009122221 0.73823
2009122303 0.66170
2009122309 0.95602
2009122315 0.94918
2009122321 0.94790
2009122403 0.97967
2009122409 3.65182
2009122415 3.47082
2009122421 1.67193
2009122503 1.26841
2009122509 1.13647
2009122515 1.19768
2009122521 1.14821
2009122603 2.85910
2009122609 3.04723
2009122615 2.66907
2009122621 2.20256
2009122703 1.31342
2009122709 1.21645
2009122715 1.80663
2009122721 7.53000
2009122803 9.86998
2009122809 9.83676
2009122815 5.48606
2009122821 3.47416
2009122903 2.66057
2009122909 2.41510
